{
    "near": 0.10000000149011612,
    "far": 7.277499675750732,
    "depth_scaling_factor": 1000.0,
    "frames": [
        {
            "file_path": "train/rgb/134.jpg",
            "depth_file_path": "train/depth/134.png",
            "fx": 596.8519897460938,
            "fy": 596.8519897460938,
            "cx": 312.0,
            "cy": 234.0,
            "transform_matrix": [
                [
                    -0.642597496509552,
                    0.39736518263816836,
                    -0.6551088094711304,
                    -0.5951553583145142
                ],
                [
                    -0.764642596244812,
                    -0.38711783289909365,
                    0.5152289271354675,
                    1.6095510721206666
                ],
                [
                    -0.04886992275714874,
                    0.8320096135139465,
                    0.5526028871536255,
                    0.03111749142408371
                ],
                [
                    -0.0,
                    0.0,
                    -0.0,
                    1.0
                ]
            ]
        },
        {
            "file_path": "train/rgb/257.jpg",
            "depth_file_path": "train/depth/257.png",
            "fx": 596.8519897460938,
            "fy": 596.8519897460938,
            "cx": 312.0,
            "cy": 234.0,
            "transform_matrix": [
                [
                    -0.998532772064209,
                    0.018160762265324594,
                    -0.051051877439022067,
                    -0.5656810998916626
                ],
                [
                    -0.04687074199318886,
                    -0.7622359395027161,
                    0.6456006169319153,
                    1.4623833894729615
                ],
                [
                    -0.027188997715711595,
                    0.6470450162887573,
                    0.761969268321991,
                    -0.09972625970840454
                ],
                [
                    -0.0,
                    0.0,
                    -0.0,
                    1.0
                ]
            ]
        },
        {
            "file_path": "train/rgb/469.jpg",
            "depth_file_path": "train/depth/469.png",
            "fx": 596.8519897460938,
            "fy": 596.8519897460938,
            "cx": 312.0,
            "cy": 234.0,
            "transform_matrix": [
                [
                    -0.9944379925727844,
                    -0.024770893156528474,
                    0.10237228125333786,
                    -0.3799639940261841
                ],
                [
                    0.09912270307540894,
                    -0.548745334148407,
                    0.8300925493240356,
                    0.8163753151893616
                ],
                [
                    0.03561418130993843,
                    0.8356226682662964,
                    0.5481486916542053,
                    -0.0419524610042572
                ],
                [
                    -0.0,
                    0.0,
                    -0.0,
                    1.0
                ]
            ]
        },
        {
            "file_path": "train/rgb/602.jpg",
            "depth_file_path": "train/depth/602.png",
            "fx": 596.8519897460938,
            "fy": 596.8519897460938,
            "cx": 312.0,
            "cy": 234.0,
            "transform_matrix": [
                [
                    -0.7943282127380371,
                    -0.262800395488739,
                    0.547703206539154,
                    0.2681795656681061
                ],
                [
                    0.6045989990234375,
                    -0.4298307001590729,
                    0.6706011295318604,
                    0.1341613382101059
                ],
                [
                    0.0591854602098465,
                    0.8638180494308472,
                    0.5003154873847961,
                    -0.061816856265068057
                ],
                [
                    -0.0,
                    0.0,
                    -0.0,
                    1.0
                ]
            ]
        },
        {
            "file_path": "train/rgb/68.jpg",
            "depth_file_path": "train/depth/68.png",
            "fx": 596.8519897460938,
            "fy": 596.8519897460938,
            "cx": 312.0,
            "cy": 234.0,
            "transform_matrix": [
                [
                    -0.4026642441749573,
                    0.33487969636917117,
                    -0.8518894910812378,
                    -0.5618435740470886
                ],
                [
                    -0.9152776598930359,
                    -0.15876071155071259,
                    0.37021759152412417,
                    1.7106521129608155
                ],
                [
                    -0.01126779057085514,
                    0.928789496421814,
                    0.37043464183807375,
                    0.09306301176548004
                ],
                [
                    -0.0,
                    0.0,
                    -0.0,
                    1.0
                ]
            ]
        },
        {
            "file_path": "train/rgb/710.jpg",
            "depth_file_path": "train/depth/710.png",
            "fx": 596.8519897460938,
            "fy": 596.8519897460938,
            "cx": 312.0,
            "cy": 234.0,
            "transform_matrix": [
                [
                    -0.7880529761314392,
                    0.3488394021987915,
                    -0.5072358846664429,
                    0.41954275965690615
                ],
                [
                    -0.6155951023101807,
                    -0.44058701395988467,
                    0.6533966660499573,
                    -1.2117178440093995
                ],
                [
                    0.004448317922651768,
                    0.8271612524986267,
                    0.5619507431983948,
                    -0.20136073231697083
                ],
                [
                    -0.0,
                    -0.0,
                    -0.0,
                    1.0
                ]
            ]
        },
        {
            "file_path": "train/rgb/800.jpg",
            "depth_file_path": "train/depth/800.png",
            "fx": 596.8519897460938,
            "fy": 596.8519897460938,
            "cx": 312.0,
            "cy": 234.0,
            "transform_matrix": [
                [
                    -0.2984500527381897,
                    0.42102155089378359,
                    -0.8565438389778137,
                    0.30190420150756838
                ],
                [
                    -0.9521498084068298,
                    -0.19326673448085786,
                    0.23676595091819764,
                    -1.4690837860107422
                ],
                [
                    -0.06585748493671417,
                    0.8862213492393494,
                    0.45855575799942019,
                    -0.1572430580854416
                ],
                [
                    -0.0,
                    0.0,
                    -0.0,
                    1.0
                ]
            ]
        },
        {
            "file_path": "train/rgb/858.jpg",
            "depth_file_path": "train/depth/858.png",
            "fx": 596.8519897460938,
            "fy": 596.8519897460938,
            "cx": 312.0,
            "cy": 234.0,
            "transform_matrix": [
                [
                    -0.5289034247398377,
                    0.49623963236808779,
                    -0.6884816288948059,
                    0.292945921421051
                ],
                [
                    -0.8440321087837219,
                    -0.39236706495285036,
                    0.3655923306941986,
                    -1.611499547958374
                ],
                [
                    -0.08871602267026901,
                    0.7744637727737427,
                    0.6263664364814758,
                    -0.23464980721473695
                ],
                [
                    -0.0,
                    0.0,
                    -0.0,
                    1.0
                ]
            ]
        },
        {
            "file_path": "train/rgb/17.jpg",
            "depth_file_path": "train/depth/17.png",
            "fx": 596.8519897460938,
            "fy": 596.8519897460938,
            "cx": 312.0,
            "cy": 234.0,
            "transform_matrix": [
                [
                    -0.3691117465496063,
                    0.4715833067893982,
                    -0.8008531928062439,
                    -0.5780400633811951
                ],
                [
                    -0.9266042709350586,
                    -0.25334036350250246,
                    0.2778903543949127,
                    1.7002904415130616
                ],
                [
                    -0.07183999568223953,
                    0.8446465730667114,
                    0.5304820537567139,
                    0.04913013428449631
                ],
                [
                    -0.0,
                    0.0,
                    -0.0,
                    1.0
                ]
            ]
        },
        {
            "file_path": "train/rgb/280.jpg",
            "depth_file_path": "train/depth/280.png",
            "fx": 596.8519897460938,
            "fy": 596.8519897460938,
            "cx": 312.0,
            "cy": 234.0,
            "transform_matrix": [
                [
                    -0.9559223651885986,
                    -0.20678465068340302,
                    0.20844678580760957,
                    -0.5944247841835022
                ],
                [
                    0.29205620288848879,
                    -0.7427182197570801,
                    0.6025552153587341,
                    1.1647331714630128
                ],
                [
                    0.030217943713068963,
                    0.6368749141693115,
                    0.7703732848167419,
                    -0.11962263286113739
                ],
                [
                    -0.0,
                    0.0,
                    -0.0,
                    1.0
                ]
            ]
        },
        {
            "file_path": "train/rgb/544.jpg",
            "depth_file_path": "train/depth/544.png",
            "fx": 596.8519897460938,
            "fy": 596.8519897460938,
            "cx": 312.0,
            "cy": 234.0,
            "transform_matrix": [
                [
                    -0.9547430872917175,
                    -0.054801590740680698,
                    0.2923460304737091,
                    0.35456541180610659
                ],
                [
                    0.29707807302474978,
                    -0.1273498833179474,
                    0.9463235139846802,
                    0.19961588084697724
                ],
                [
                    -0.014629492536187172,
                    0.9903435707092285,
                    0.1378684788942337,
                    0.11355068534612656
                ],
                [
                    -0.0,
                    0.0,
                    -0.0,
                    1.0
                ]
            ]
        },
        {
            "file_path": "train/rgb/640.jpg",
            "depth_file_path": "train/depth/640.png",
            "fx": 596.8519897460938,
            "fy": 596.8519897460938,
            "cx": 312.0,
            "cy": 234.0,
            "transform_matrix": [
                [
                    -0.9708269238471985,
                    -0.09875945001840592,
                    0.21849553287029267,
                    0.16218093037605287
                ],
                [
                    0.23745962977409364,
                    -0.5224189758300781,
                    0.8189572095870972,
                    -0.29458510875701907
                ],
                [
                    0.0332663469016552,
                    0.8469502925872803,
                    0.5306293368339539,
                    -0.09241485595703125
                ],
                [
                    -0.0,
                    0.0,
                    -0.0,
                    1.0
                ]
            ]
        },
        {
            "file_path": "train/rgb/704.jpg",
            "depth_file_path": "train/depth/704.png",
            "fx": 596.8519897460938,
            "fy": 596.8519897460938,
            "cx": 312.0,
            "cy": 234.0,
            "transform_matrix": [
                [
                    -0.8075999617576599,
                    0.2977924644947052,
                    -0.5090208053588867,
                    0.3830178678035736
                ],
                [
                    -0.5885406732559204,
                    -0.46179553866386416,
                    0.663599967956543,
                    -1.1539968252182007
                ],
                [
                    -0.037448473274707797,
                    0.8355026841163635,
                    0.5482090711593628,
                    -0.19493208825588227
                ],
                [
                    -0.0,
                    0.0,
                    -0.0,
                    1.0
                ]
            ]
        },
        {
            "file_path": "train/rgb/761.jpg",
            "depth_file_path": "train/depth/761.png",
            "fx": 596.8519897460938,
            "fy": 596.8519897460938,
            "cx": 312.0,
            "cy": 234.0,
            "transform_matrix": [
                [
                    -0.16489839553833009,
                    0.5173083543777466,
                    -0.8397632837295532,
                    0.29913589358329775
                ],
                [
                    -0.9828559756278992,
                    -0.15738928318023683,
                    0.09604090452194214,
                    -1.414827823638916
                ],
                [
                    -0.08248749375343323,
                    0.8412027359008789,
                    0.5343930721282959,
                    -0.18995818495750428
                ],
                [
                    -0.0,
                    0.0,
                    -0.0,
                    1.0
                ]
            ]
        },
        {
            "file_path": "train/rgb/826.jpg",
            "depth_file_path": "train/depth/826.png",
            "fx": 596.8519897460938,
            "fy": 596.8519897460938,
            "cx": 312.0,
            "cy": 234.0,
            "transform_matrix": [
                [
                    -0.46495237946510317,
                    0.384492963552475,
                    -0.7974869608879089,
                    0.289189875125885
                ],
                [
                    -0.8832241296768189,
                    -0.2636253833770752,
                    0.3878367245197296,
                    -1.5083975791931153
                ],
                [
                    -0.061117544770240787,
                    0.8846849203109741,
                    0.462166965007782,
                    -0.1564711183309555
                ],
                [
                    -0.0,
                    0.0,
                    -0.0,
                    1.0
                ]
            ]
        }
    ]
}