{
    "near": 0.10000000149011612,
    "far": 7.277499675750732,
    "depth_scaling_factor": 1000.0,
    "frames": [
        {
            "file_path": "",
            "depth_file_path": "",
            "fx": 596.8519897460938,
            "fy": 596.8519897460938,
            "cx": 312.0,
            "cy": 234.0,
            "transform_matrix": [
                [
                    -0.3691118061542511,
                    0.4715833365917206,
                    -0.8008533120155335,
                    -0.5419814586639404
                ],
                [
                    -0.9266042709350586,
                    -0.25334036350250246,
                    0.2778903841972351,
                    1.5912808179855347
                ],
                [
                    -0.07183997333049774,
                    0.8446466326713562,
                    0.5304820537567139,
                    -0.12209080159664154
                ],
                [
                    -0.0,
                    0.0,
                    0.0,
                    1.0
                ]
            ]
        },
        {
            "file_path": "",
            "depth_file_path": "",
            "fx": 596.8519897460938,
            "fy": 596.8519897460938,
            "cx": 312.0,
            "cy": 234.0,
            "transform_matrix": [
                [
                    -0.3722371459007263,
                    0.4594116508960724,
                    -0.8064618706703186,
                    -0.5388754606246948
                ],
                [
                    -0.925763726234436,
                    -0.24588635563850404,
                    0.28723061084747317,
                    1.5902068614959717
                ],
                [
                    -0.0663408637046814,
                    0.853510856628418,
                    0.5168347358703613,
                    -0.11612865328788758
                ],
                [
                    -0.0,
                    0.0,
                    0.0,
                    1.0
                ]
            ]
        },
        {
            "file_path": "",
            "depth_file_path": "",
            "fx": 596.8519897460938,
            "fy": 596.8519897460938,
            "cx": 312.0,
            "cy": 234.0,
            "transform_matrix": [
                [
                    -0.37534743547439577,
                    0.44717922806739809,
                    -0.8118776082992554,
                    -0.5357694625854492
                ],
                [
                    -0.9248852729797363,
                    -0.23819144070148469,
                    0.2963981628417969,
                    1.5891329050064088
                ],
                [
                    -0.060839176177978519,
                    0.8621459603309631,
                    0.502994179725647,
                    -0.11016674339771271
                ],
                [
                    -0.0,
                    0.0,
                    0.0,
                    1.0
                ]
            ]
        },
        {
            "file_path": "",
            "depth_file_path": "",
            "fx": 596.8519897460938,
            "fy": 596.8519897460938,
            "cx": 312.0,
            "cy": 234.0,
            "transform_matrix": [
                [
                    -0.3784427344799042,
                    0.43488937616348269,
                    -0.8171001672744751,
                    -0.5326633453369141
                ],
                [
                    -0.9239692687988281,
                    -0.23025941848754884,
                    0.30538731813430788,
                    1.5880589485168458
                ],
                [
                    -0.055335283279418948,
                    0.8705468773841858,
                    0.48896440863609316,
                    -0.10420463234186173
                ],
                [
                    -0.0,
                    0.0,
                    0.0,
                    1.0
                ]
            ]
        },
        {
            "file_path": "",
            "depth_file_path": "",
            "fx": 596.8519897460938,
            "fy": 596.8519897460938,
            "cx": 312.0,
            "cy": 234.0,
            "transform_matrix": [
                [
                    -0.3815230429172516,
                    0.4225451648235321,
                    -0.8221290707588196,
                    -0.5295572280883789
                ],
                [
                    -0.9230153560638428,
                    -0.22209420800209046,
                    0.31419244408607485,
                    1.5869851112365723
                ],
                [
                    -0.04982953891158104,
                    0.8787093162536621,
                    0.4747496545314789,
                    -0.09824248403310776
                ],
                [
                    -0.0,
                    0.0,
                    0.0,
                    1.0
                ]
            ]
        },
        {
            "file_path": "",
            "depth_file_path": "",
            "fx": 596.8519897460938,
            "fy": 596.8519897460938,
            "cx": 312.0,
            "cy": 234.0,
            "transform_matrix": [
                [
                    -0.3845883011817932,
                    0.4101496934890747,
                    -0.8269639611244202,
                    -0.5264511108398438
                ],
                [
                    -0.9220235347747803,
                    -0.21369962394237519,
                    0.3228079080581665,
                    1.5859112739562989
                ],
                [
                    -0.044322315603494647,
                    0.886628270149231,
                    0.4603540897369385,
                    -0.09228042513132096
                ],
                [
                    -0.0,
                    0.0,
                    0.0,
                    1.0
                ]
            ]
        },
        {
            "file_path": "",
            "depth_file_path": "",
            "fx": 596.8519897460938,
            "fy": 596.8519897460938,
            "cx": 312.0,
            "cy": 234.0,
            "transform_matrix": [
                [
                    -0.38763853907585146,
                    0.3977062702178955,
                    -0.8316046595573425,
                    -0.5233451724052429
                ],
                [
                    -0.9209940433502197,
                    -0.2050800621509552,
                    0.3312283456325531,
                    1.5848371982574463
                ],
                [
                    -0.038813963532447818,
                    0.8942998051643372,
                    0.4457820653915405,
                    -0.08631828427314758
                ],
                [
                    -0.0,
                    0.0,
                    0.0,
                    1.0
                ]
            ]
        },
        {
            "file_path": "",
            "depth_file_path": "",
            "fx": 596.8519897460938,
            "fy": 596.8519897460938,
            "cx": 312.0,
            "cy": 234.0,
            "transform_matrix": [
                [
                    -0.39067378640174868,
                    0.3852180242538452,
                    -0.8360510468482971,
                    -0.520238995552063
                ],
                [
                    -0.9199265837669373,
                    -0.1962396502494812,
                    0.3394482135772705,
                    1.5837633609771729
                ],
                [
                    -0.03330478444695473,
                    0.9017189145088196,
                    0.4310380220413208,
                    -0.0803561732172966
                ],
                [
                    -0.0,
                    0.0,
                    0.0,
                    1.0
                ]
            ]
        },
        {
            "file_path": "",
            "depth_file_path": "",
            "fx": 596.8519897460938,
            "fy": 596.8519897460938,
            "cx": 312.0,
            "cy": 234.0,
            "transform_matrix": [
                [
                    -0.3936940133571625,
                    0.3726881742477417,
                    -0.8403028845787048,
                    -0.5171328783035278
                ],
                [
                    -0.9188213348388672,
                    -0.18718285858631135,
                    0.3474622964859009,
                    1.5826894044876099
                ],
                [
                    -0.027795232832431794,
                    0.9088818430900574,
                    0.41612663865089419,
                    -0.07439415156841278
                ],
                [
                    -0.0,
                    0.0,
                    0.0,
                    1.0
                ]
            ]
        },
        {
            "file_path": "",
            "depth_file_path": "",
            "fx": 596.8519897460938,
            "fy": 596.8519897460938,
            "cx": 312.0,
            "cy": 234.0,
            "transform_matrix": [
                [
                    -0.39669930934906008,
                    0.3601197302341461,
                    -0.8443599939346314,
                    -0.5140268802642822
                ],
                [
                    -0.91767817735672,
                    -0.17791418731212617,
                    0.35526522994041445,
                    1.581615686416626
                ],
                [
                    -0.022285571321845056,
                    0.9157840609550476,
                    0.40105244517326357,
                    -0.06843201816082001
                ],
                [
                    -0.0,
                    0.0,
                    0.0,
                    1.0
                ]
            ]
        },
        {
            "file_path": "",
            "depth_file_path": "",
            "fx": 596.8519897460938,
            "fy": 596.8519897460938,
            "cx": 312.0,
            "cy": 234.0,
            "transform_matrix": [
                [
                    -0.39968955516815188,
                    0.3475158214569092,
                    -0.8482224345207214,
                    -0.5109207034111023
                ],
                [
                    -0.9164971113204956,
                    -0.16843822598457337,
                    0.3628521263599396,
                    1.5805418491363526
                ],
                [
                    -0.016776250675320627,
                    0.9224215149879456,
                    0.38582026958465578,
                    -0.06246999651193619
                ],
                [
                    -0.0,
                    0.0,
                    0.0,
                    1.0
                ]
            ]
        },
        {
            "file_path": "",
            "depth_file_path": "",
            "fx": 596.8519897460938,
            "fy": 596.8519897460938,
            "cx": 312.0,
            "cy": 234.0,
            "transform_matrix": [
                [
                    -0.4026642143726349,
                    0.33487972617149355,
                    -0.8518895506858826,
                    -0.5078148245811462
                ],
                [
                    -0.9152775406837463,
                    -0.15876072645187379,
                    0.37021759152412417,
                    1.5794678926467896
                ],
                [
                    -0.011267767287790776,
                    0.928789496421814,
                    0.3704347014427185,
                    -0.05650785192847252
                ],
                [
                    -0.0,
                    0.0,
                    0.0,
                    1.0
                ]
            ]
        },
        {
            "file_path": "",
            "depth_file_path": "",
            "fx": 596.8519897460938,
            "fy": 596.8519897460938,
            "cx": 312.0,
            "cy": 234.0,
            "transform_matrix": [
                [
                    -0.4150168001651764,
                    0.33936113119125368,
                    -0.8441526889801025,
                    -0.5122466087341309
                ],
                [
                    -0.9097164273262024,
                    -0.16829966008663178,
                    0.3795923888683319,
                    1.5754222869873047
                ],
                [
                    -0.013251252472400666,
                    0.9254775643348694,
                    0.378569096326828,
                    -0.06047709658741951
                ],
                [
                    -0.0,
                    0.0,
                    0.0,
                    1.0
                ]
            ]
        },
        {
            "file_path": "",
            "depth_file_path": "",
            "fx": 596.8519897460938,
            "fy": 596.8519897460938,
            "cx": 312.0,
            "cy": 234.0,
            "transform_matrix": [
                [
                    -0.42729124426841738,
                    0.34371596574783327,
                    -0.8362295627593994,
                    -0.5166783332824707
                ],
                [
                    -0.9039847254753113,
                    -0.17800137400627137,
                    0.3887491822242737,
                    1.5713768005371094
                ],
                [
                    -0.01523029524832964,
                    0.9220487475395203,
                    0.3867720365524292,
                    -0.06444636732339859
                ],
                [
                    -0.0,
                    0.0,
                    0.0,
                    1.0
                ]
            ]
        },
        {
            "file_path": "",
            "depth_file_path": "",
            "fx": 596.8519897460938,
            "fy": 596.8519897460938,
            "cx": 312.0,
            "cy": 234.0,
            "transform_matrix": [
                [
                    -0.43948543071746828,
                    0.3479403555393219,
                    -0.8281235694885254,
                    -0.5211105346679688
                ],
                [
                    -0.8980841040611267,
                    -0.18786196410655976,
                    0.3976832330226898,
                    1.5673316717147828
                ],
                [
                    -0.017202463001012803,
                    0.9185014963150024,
                    0.39504188299179079,
                    -0.06841546297073364
                ],
                [
                    -0.0,
                    0.0,
                    0.0,
                    1.0
                ]
            ]
        },
        {
            "file_path": "",
            "depth_file_path": "",
            "fx": 596.8519897460938,
            "fy": 596.8519897460938,
            "cx": 312.0,
            "cy": 234.0,
            "transform_matrix": [
                [
                    -0.451596736907959,
                    0.35202980041503909,
                    -0.819837749004364,
                    -0.5255423784255981
                ],
                [
                    -0.8920153379440308,
                    -0.19787700474262238,
                    0.4063892960548401,
                    1.5632859468460084
                ],
                [
                    -0.019165433943271638,
                    0.9148328304290772,
                    0.40337619185447695,
                    -0.07238467782735825
                ],
                [
                    -0.0,
                    0.0,
                    0.0,
                    1.0
                ]
            ]
        },
        {
            "file_path": "",
            "depth_file_path": "",
            "fx": 596.8519897460938,
            "fy": 596.8519897460938,
            "cx": 312.0,
            "cy": 234.0,
            "transform_matrix": [
                [
                    -0.4636228084564209,
                    0.3559805750846863,
                    -0.8113753795623779,
                    -0.5299743413925171
                ],
                [
                    -0.885779857635498,
                    -0.2080422043800354,
                    0.4148627817630768,
                    1.5592408180236817
                ],
                [
                    -0.021116849035024644,
                    0.9110407829284668,
                    0.4117731750011444,
                    -0.07635385543107987
                ],
                [
                    -0.0,
                    0.0,
                    0.0,
                    1.0
                ]
            ]
        },
        {
            "file_path": "",
            "depth_file_path": "",
            "fx": 596.8519897460938,
            "fy": 596.8519897460938,
            "cx": 312.0,
            "cy": 234.0,
            "transform_matrix": [
                [
                    -0.47556132078170779,
                    0.3597886860370636,
                    -0.8027403950691223,
                    -0.5344061851501465
                ],
                [
                    -0.8793794512748718,
                    -0.21835315227508546,
                    0.42309877276420596,
                    1.5551953315734864
                ],
                [
                    -0.023054329678416253,
                    0.9071235060691834,
                    0.4202306866645813,
                    -0.08032304048538208
                ],
                [
                    -0.0,
                    0.0,
                    0.0,
                    1.0
                ]
            ]
        },
        {
            "file_path": "",
            "depth_file_path": "",
            "fx": 596.8519897460938,
            "fy": 596.8519897460938,
            "cx": 312.0,
            "cy": 234.0,
            "transform_matrix": [
                [
                    -0.487409770488739,
                    0.3634502589702606,
                    -0.7939358353614807,
                    -0.538838267326355
                ],
                [
                    -0.8728151321411133,
                    -0.22880521416664124,
                    0.4310927391052246,
                    1.5511499643325806
                ],
                [
                    -0.024975523352622987,
                    0.9030789732933044,
                    0.4287463128566742,
                    -0.08429230749607086
                ],
                [
                    -0.0,
                    0.0,
                    0.0,
                    1.0
                ]
            ]
        },
        {
            "file_path": "",
            "depth_file_path": "",
            "fx": 596.8519897460938,
            "fy": 596.8519897460938,
            "cx": 312.0,
            "cy": 234.0,
            "transform_matrix": [
                [
                    -0.49916601181030276,
                    0.36696144938468935,
                    -0.7849657535552979,
                    -0.5432702302932739
                ],
                [
                    -0.8660882711410523,
                    -0.23939363658428193,
                    0.43883994221687319,
                    1.5471042394638062
                ],
                [
                    -0.02687811106443405,
                    0.8989045023918152,
                    0.43731772899627688,
                    -0.08826141804456711
                ],
                [
                    -0.0,
                    0.0,
                    0.0,
                    1.0
                ]
            ]
        },
        {
            "file_path": "",
            "depth_file_path": "",
            "fx": 596.8519897460938,
            "fy": 596.8519897460938,
            "cx": 312.0,
            "cy": 234.0,
            "transform_matrix": [
                [
                    -0.5108276605606079,
                    0.37031853199005129,
                    -0.7758336663246155,
                    -0.5477021336555481
                ],
                [
                    -0.8592010140419006,
                    -0.25011366605758669,
                    0.446336030960083,
                    1.5430591106414796
                ],
                [
                    -0.028759753331542016,
                    0.8945987224578857,
                    0.44594255089759829,
                    -0.09223058819770813
                ],
                [
                    -0.0,
                    0.0,
                    0.0,
                    1.0
                ]
            ]
        },
        {
            "file_path": "",
            "depth_file_path": "",
            "fx": 596.8519897460938,
            "fy": 596.8519897460938,
            "cx": 312.0,
            "cy": 234.0,
            "transform_matrix": [
                [
                    -0.5223923921585083,
                    0.3735179007053375,
                    -0.766543447971344,
                    -0.5521337985992432
                ],
                [
                    -0.8521543741226196,
                    -0.26096034049987795,
                    0.45357659459114077,
                    1.5390136241912842
                ],
                [
                    -0.03061811812222004,
                    0.8901593685150147,
                    0.4546181261539459,
                    -0.09619978815317154
                ],
                [
                    -0.0,
                    0.0,
                    0.0,
                    1.0
                ]
            ]
        },
        {
            "file_path": "",
            "depth_file_path": "",
            "fx": 596.8519897460938,
            "fy": 596.8519897460938,
            "cx": 312.0,
            "cy": 234.0,
            "transform_matrix": [
                [
                    -0.533858060836792,
                    0.3765561580657959,
                    -0.7570993304252625,
                    -0.5565658807754517
                ],
                [
                    -0.8449500799179077,
                    -0.2719285488128662,
                    0.46055740118026736,
                    1.5349682569503785
                ],
                [
                    -0.03245085850358009,
                    0.8855843544006348,
                    0.4633420407772064,
                    -0.10016902536153794
                ],
                [
                    -0.0,
                    0.0,
                    0.0,
                    1.0
                ]
            ]
        },
        {
            "file_path": "",
            "depth_file_path": "",
            "fx": 596.8519897460938,
            "fy": 596.8519897460938,
            "cx": 312.0,
            "cy": 234.0,
            "transform_matrix": [
                [
                    -0.5452226400375366,
                    0.3794298470020294,
                    -0.7475051879882813,
                    -0.560997724533081
                ],
                [
                    -0.8375900983810425,
                    -0.28301331400871279,
                    0.46727439761161806,
                    1.5309230089187623
                ],
                [
                    -0.0342557467520237,
                    0.880872368812561,
                    0.4721115827560425,
                    -0.10413821786642075
                ],
                [
                    -0.0,
                    0.0,
                    0.0,
                    1.0
                ]
            ]
        },
        {
            "file_path": "",
            "depth_file_path": "",
            "fx": 596.8519897460938,
            "fy": 596.8519897460938,
            "cx": 312.0,
            "cy": 234.0,
            "transform_matrix": [
                [
                    -0.5564836263656616,
                    0.38213545083999636,
                    -0.7377648949623108,
                    -0.5654296875
                ],
                [
                    -0.8300759196281433,
                    -0.29420924186706545,
                    0.47372347116470339,
                    1.526877522468567
                ],
                [
                    -0.03603040799498558,
                    0.8760212063789368,
                    0.4809236526489258,
                    -0.10810744762420654
                ],
                [
                    -0.0,
                    0.0,
                    0.0,
                    1.0
                ]
            ]
        },
        {
            "file_path": "",
            "depth_file_path": "",
            "fx": 596.8519897460938,
            "fy": 596.8519897460938,
            "cx": 312.0,
            "cy": 234.0,
            "transform_matrix": [
                [
                    -0.5676390528678894,
                    0.38466984033584597,
                    -0.7278828620910645,
                    -0.5698615908622742
                ],
                [
                    -0.822409451007843,
                    -0.3055109679698944,
                    0.4799005389213562,
                    1.5228320360183716
                ],
                [
                    -0.03777261823415756,
                    0.8710289597511292,
                    0.48977574706077578,
                    -0.11207662522792816
                ],
                [
                    -0.0,
                    0.0,
                    0.0,
                    1.0
                ]
            ]
        },
        {
            "file_path": "",
            "depth_file_path": "",
            "fx": 596.8519897460938,
            "fy": 596.8519897460938,
            "cx": 312.0,
            "cy": 234.0,
            "transform_matrix": [
                [
                    -0.5786868333816528,
                    0.3870300054550171,
                    -0.7178635597229004,
                    -0.5742936134338379
                ],
                [
                    -0.8145927786827087,
                    -0.3169132173061371,
                    0.4858023226261139,
                    1.5187867879867554
                ],
                [
                    -0.039480067789554599,
                    0.865894615650177,
                    0.4986649453639984,
                    -0.11604580283164978
                ],
                [
                    -0.0,
                    0.0,
                    0.0,
                    1.0
                ]
            ]
        },
        {
            "file_path": "",
            "depth_file_path": "",
            "fx": 596.8519897460938,
            "fy": 596.8519897460938,
            "cx": 312.0,
            "cy": 234.0,
            "transform_matrix": [
                [
                    -0.5896247029304504,
                    0.3892126977443695,
                    -0.707710862159729,
                    -0.5787255167961121
                ],
                [
                    -0.8066272735595703,
                    -0.328410267829895,
                    0.4914247691631317,
                    1.5147411823272706
                ],
                [
                    -0.041150521486997607,
                    0.8606159090995789,
                    0.5075880289077759,
                    -0.12001504749059677
                ],
                [
                    -0.0,
                    0.0,
                    0.0,
                    1.0
                ]
            ]
        },
        {
            "file_path": "",
            "depth_file_path": "",
            "fx": 596.8519897460938,
            "fy": 596.8519897460938,
            "cx": 312.0,
            "cy": 234.0,
            "transform_matrix": [
                [
                    -0.6004508137702942,
                    0.391215056180954,
                    -0.6974295973777771,
                    -0.5831575393676758
                ],
                [
                    -0.7985151410102844,
                    -0.33999645709991457,
                    0.4967641830444336,
                    1.5106955766677857
                ],
                [
                    -0.042781662195920947,
                    0.8551916480064392,
                    0.5165418982505798,
                    -0.12398414313793183
                ],
                [
                    -0.0,
                    0.0,
                    0.0,
                    1.0
                ]
            ]
        },
        {
            "file_path": "",
            "depth_file_path": "",
            "fx": 596.8519897460938,
            "fy": 596.8519897460938,
            "cx": 312.0,
            "cy": 234.0,
            "transform_matrix": [
                [
                    -0.611163318157196,
                    0.3930342197418213,
                    -0.6870242953300476,
                    -0.5875896215438843
                ],
                [
                    -0.7902587652206421,
                    -0.3516662120819092,
                    0.5018177032470703,
                    1.5066503286361695
                ],
                [
                    -0.04437139630317688,
                    0.8496203422546387,
                    0.5255237221717835,
                    -0.1279534250497818
                ],
                [
                    -0.0,
                    0.0,
                    0.0,
                    1.0
                ]
            ]
        },
        {
            "file_path": "",
            "depth_file_path": "",
            "fx": 596.8519897460938,
            "fy": 596.8519897460938,
            "cx": 312.0,
            "cy": 234.0,
            "transform_matrix": [
                [
                    -0.621759831905365,
                    0.394667387008667,
                    -0.6764991283416748,
                    -0.5920214653015137
                ],
                [
                    -0.7818597555160523,
                    -0.36341360211372378,
                    0.506581723690033,
                    1.5026051998138428
                ],
                [
                    -0.04591749235987663,
                    0.8439005613327026,
                    0.5345301628112793,
                    -0.13192248344421388
                ],
                [
                    -0.0,
                    0.0,
                    0.0,
                    1.0
                ]
            ]
        },
        {
            "file_path": "",
            "depth_file_path": "",
            "fx": 596.8519897460938,
            "fy": 596.8519897460938,
            "cx": 312.0,
            "cy": 234.0,
            "transform_matrix": [
                [
                    -0.6322386264801025,
                    0.3961118757724762,
                    -0.6658591628074646,
                    -0.5964533686637878
                ],
                [
                    -0.7733201384544373,
                    -0.37523266673088076,
                    0.511053204536438,
                    1.4985597133636475
                ],
                [
                    -0.04741762578487396,
                    0.8380306363105774,
                    0.5435575842857361,
                    -0.13589178025722505
                ],
                [
                    -0.0,
                    0.0,
                    0.0,
                    1.0
                ]
            ]
        },
        {
            "file_path": "",
            "depth_file_path": "",
            "fx": 596.8519897460938,
            "fy": 596.8519897460938,
            "cx": 312.0,
            "cy": 234.0,
            "transform_matrix": [
                [
                    -0.642597496509552,
                    0.39736509323120119,
                    -0.6551087498664856,
                    -0.600885272026062
                ],
                [
                    -0.7646424770355225,
                    -0.38711774349212649,
                    0.515228807926178,
                    1.4945142269134522
                ],
                [
                    -0.048869866877794269,
                    0.832009494304657,
                    0.5526027679443359,
                    -0.13986091315746308
                ],
                [
                    -0.0,
                    0.0,
                    0.0,
                    1.0
                ]
            ]
        },
        {
            "file_path": "",
            "depth_file_path": "",
            "fx": 596.8519897460938,
            "fy": 596.8519897460938,
            "cx": 312.0,
            "cy": 234.0,
            "transform_matrix": [
                [
                    -0.656237006187439,
                    0.3908610939979553,
                    -0.6454290151596069,
                    -0.6021366119384766
                ],
                [
                    -0.7528600692749023,
                    -0.3964458405971527,
                    0.5253871083259583,
                    1.4932923316955567
                ],
                [
                    -0.050523921847343448,
                    0.8306970596313477,
                    0.5544257760047913,
                    -0.14287340641021729
                ],
                [
                    -0.0,
                    0.0,
                    0.0,
                    1.0
                ]
            ]
        },
        {
            "file_path": "",
            "depth_file_path": "",
            "fx": 596.8519897460938,
            "fy": 596.8519897460938,
            "cx": 312.0,
            "cy": 234.0,
            "transform_matrix": [
                [
                    -0.6696611642837524,
                    0.3842821717262268,
                    -0.635515034198761,
                    -0.6033875346183777
                ],
                [
                    -0.7408317923545837,
                    -0.40574872493743899,
                    0.5352902412414551,
                    1.4920700788497925
                ],
                [
                    -0.05215658247470856,
                    0.829273521900177,
                    0.5564021468162537,
                    -0.14588576555252076
                ],
                [
                    -0.0,
                    0.0,
                    0.0,
                    1.0
                ]
            ]
        },
        {
            "file_path": "",
            "depth_file_path": "",
            "fx": 596.8519897460938,
            "fy": 596.8519897460938,
            "cx": 312.0,
            "cy": 234.0,
            "transform_matrix": [
                [
                    -0.682864785194397,
                    0.3776282072067261,
                    -0.6253725290298462,
                    -0.604638934135437
                ],
                [
                    -0.7285624742507935,
                    -0.41502419114112856,
                    0.5449318289756775,
                    1.490848183631897
                ],
                [
                    -0.05376270040869713,
                    0.8277384638786316,
                    0.5585307478904724,
                    -0.14889830350875855
                ],
                [
                    -0.0,
                    0.0,
                    0.0,
                    1.0
                ]
            ]
        },
        {
            "file_path": "",
            "depth_file_path": "",
            "fx": 596.8519897460938,
            "fy": 596.8519897460938,
            "cx": 312.0,
            "cy": 234.0,
            "transform_matrix": [
                [
                    -0.6958431005477905,
                    0.37089964747428896,
                    -0.6150073409080505,
                    -0.6058900952339172
                ],
                [
                    -0.716057300567627,
                    -0.4242704212665558,
                    0.5543065667152405,
                    1.4896260499954224
                ],
                [
                    -0.055336982011795047,
                    0.8260916471481323,
                    0.5608106851577759,
                    -0.15191075205802918
                ],
                [
                    -0.0,
                    0.0,
                    0.0,
                    1.0
                ]
            ]
        },
        {
            "file_path": "",
            "depth_file_path": "",
            "fx": 596.8519897460938,
            "fy": 596.8519897460938,
            "cx": 312.0,
            "cy": 234.0,
            "transform_matrix": [
                [
                    -0.708591639995575,
                    0.36409637331962588,
                    -0.6044251918792725,
                    -0.6071414351463318
                ],
                [
                    -0.7033215165138245,
                    -0.4334850311279297,
                    0.5634080767631531,
                    1.4884042739868165
                ],
                [
                    -0.05687415599822998,
                    0.8243322372436523,
                    0.5632402300834656,
                    -0.15492312610149384
                ],
                [
                    -0.0,
                    0.0,
                    0.0,
                    1.0
                ]
            ]
        },
        {
            "file_path": "",
            "depth_file_path": "",
            "fx": 596.8519897460938,
            "fy": 596.8519897460938,
            "cx": 312.0,
            "cy": 234.0,
            "transform_matrix": [
                [
                    -0.7211058139801025,
                    0.35721856355667117,
                    -0.593632161617279,
                    -0.6083924174308777
                ],
                [
                    -0.6903601288795471,
                    -0.44266611337661745,
                    0.5722311735153198,
                    1.4871819019317628
                ],
                [
                    -0.058368947356939319,
                    0.8224600553512573,
                    0.5658181309700012,
                    -0.15793561935424806
                ],
                [
                    -0.0,
                    0.0,
                    0.0,
                    1.0
                ]
            ]
        },
        {
            "file_path": "",
            "depth_file_path": "",
            "fx": 596.8519897460938,
            "fy": 596.8519897460938,
            "cx": 312.0,
            "cy": 234.0,
            "transform_matrix": [
                [
                    -0.7333816885948181,
                    0.35026654601097109,
                    -0.5826346278190613,
                    -0.6096439361572266
                ],
                [
                    -0.6771790981292725,
                    -0.45181146264076235,
                    0.5807703137397766,
                    1.4859602451324463
                ],
                [
                    -0.0598163828253746,
                    0.8204748630523682,
                    0.5685429573059082,
                    -0.16094788908958436
                ],
                [
                    -0.0,
                    0.0,
                    0.0,
                    1.0
                ]
            ]
        },
        {
            "file_path": "",
            "depth_file_path": "",
            "fx": 596.8519897460938,
            "fy": 596.8519897460938,
            "cx": 312.0,
            "cy": 234.0,
            "transform_matrix": [
